일자,요일,총계,내국인,외국인
20150101,목,33428,28176,5252
20150102,금,29649,25991,3658
20150103,토,28545,22324,6221
20150104,일,27844,24473,3371
20150105,월,31521,28483,3038
20150106,화,27113,24221,2892
20150107,수,25968,22808,3160
20150108,목,30111,26463,3648
20150109,금,31314,28083,3231
20150110,토,31209,27791,3418
20150111,일,29943,25306,4637
20150112,월,31203,28462,2741
20150113,화,27503,24027,3476
20150114,수,24923,21698,3225
20150115,목,31490,26979,4511
20150116,금,32284,28841,3443
20150117,토,34829,30937,3892
20150118,일,31034,26946,4088
20150119,월,30811,27301,3510
20150120,화,27162,23036,4126
20150121,수,26267,20699,5568
20150122,목,31422,27389,4033
20150123,금,33943,28876,5067
20150124,토,34437,30345,4092
20150125,일,31560,24788,6772
20150126,월,31335,26935,4400
20150127,화,27612,22900,4712
20150128,수,28028,20569,7459
20150129,목,30798,22612,8186
20150130,금,31230,25804,5426
20150131,토,31515,25482,6033
20150201,일,29590,22094,7496
20150202,월,29804,20471,9333
20150203,화,27093,19502,7591
20150204,수,25243,18265,6978
20150205,목,30375,22689,7686
20150206,금,31780,25895,5885
20150207,토,33607,26010,7597
20150208,일,29309,21327,7982
20150209,월,32619,21847,10772
20150210,화,26813,20265,6548
20150211,수,26749,18801,7948
20150212,목,29967,24053,5914
20150213,금,33498,25703,7795
20150214,토,35685,27794,7891
20150215,일,32624,26276,6348
20150216,월,32844,27614,5230
20150217,화,40378,32831,7547
20150218,수,43160,37533,5627
20150219,목,37666,30824,6842
20150220,금,40314,30929,9385
20150221,토,33119,24375,8744
20150222,일,40750,30569,10181
20150223,월,35985,25918,10067
20150224,화,35819,28974,6845
20150225,수,39241,27464,11777
20150226,목,37310,29188,8122
20150227,금,37912,29946,7966
20150228,토,30790,22613,8177
20150301,일,27622,19317,8305
20150302,월,25802,19588,6214
20150303,화,22000,17302,4698
20150304,수,23129,15982,7147
20150305,목,26605,22638,3967
20150306,금,32499,27662,4837
20150307,토,30727,24753,5974
20150308,일,26426,21731,4695
20150309,월,27426,21350,6076
20150310,화,23087,18203,4884
20150311,수,24217,19513,4704
20150312,목,31275,26522,4753
20150313,금,35611,30948,4663
20150314,토,38351,30467,7884
20150315,일,31143,24696,6447
20150316,월,34079,25656,8423
20150317,화,27781,23590,4191
20150318,수,28803,21084,7719
20150319,목,36184,28947,7237
20150320,금,42341,34424,7917
20150321,토,38673,32943,5730
20150322,일,38348,29417,8931
20150323,월,36397,28281,8116
20150324,화,34174,26548,7626
20150325,수,33607,23241,10366
20150326,목,38113,31027,7086
20150327,금,40361,35998,4363
20150328,토,42852,34054,8798
20150329,일,36066,28704,7362
20150330,월,34757,25120,9637
20150331,화,33105,24170,8935
20150401,수,37801,28341,9460
20150402,목,23960,21186,2774
20150403,금,45631,38472,7159
20150404,토,38073,31710,6363
20150405,일,41015,27568,13447
20150406,월,39283,32268,7015
20150407,화,35548,30206,5342
20150408,수,38568,27287,11281
20150409,목,44034,34100,9934
20150410,금,42745,35863,6882
20150411,토,42351,35092,7259
20150412,일,42898,28346,14552
20150413,월,42347,30775,11572
20150414,화,36709,28460,8249
20150415,수,38435,26353,12082
20150416,목,42749,31590,11159
20150417,금,49719,35881,13838
20150418,토,44731,31198,13533
20150419,일,40906,28100,12806
20150420,월,40976,29793,11183
20150421,화,40688,28233,12455
20150422,수,39632,27583,12049
20150423,목,44833,35159,9674
20150424,금,46215,35549,10666
20150425,토,48105,33221,14884
20150426,일,46767,30884,15883
20150427,월,45208,32660,12548
20150428,화,39954,28338,11616
20150429,수,44562,28980,15582
20150430,목,44738,36238,8500
20150501,금,53215,40776,12439
20150502,토,49178,42679,6499
20150503,일,45659,34939,10720
20150504,월,36560,26204,10356
20150505,화,34003,24082,9921
20150506,수,42308,32976,9332
20150507,목,34899,26269,8630
20150508,금,38400,29926,8474
20150509,토,38461,30654,7807
20150510,일,41080,28629,12451
20150511,월,32058,24379,7679
20150512,화,45421,35205,10216
20150513,수,38263,29107,9156
20150514,목,41428,30209,11219
20150515,금,44729,35391,9338
20150516,토,44447,34218,10229
20150517,일,39296,30340,8956
20150518,월,46455,33374,13081
20150519,화,39581,31457,8124
20150520,수,41520,30206,11314
20150521,목,41135,32237,8898
20150522,금,49720,39443,10277
20150523,토,50210,40872,9338
20150524,일,37972,26358,11614
20150525,월,35872,25166,10706
20150526,화,45256,32222,13034
20150527,수,48380,30351,18029
20150528,목,44353,33560,10793
20150529,금,43595,36177,7418
20150530,토,47932,34726,13206
20150531,일,41211,28159,13052
20150601,월,41229,30770,10459
20150602,화,37329,26349,10980
20150603,수,41460,30334,11126
20150604,목,43852,30710,13142
20150605,금,40866,32612,8254
20150606,토,37351,31313,6038
20150607,일,34783,24791,9992
20150608,월,33522,24298,9224
20150609,화,31583,22390,9193
20150610,수,25901,22689,3212
20150611,목,32396,26111,6285
20150612,금,35492,28993,6499
20150613,토,31420,27767,3653
20150614,일,28213,22412,5801
20150615,월,29183,22625,6558
20150616,화,24514,21489,3025
20150617,수,24677,21815,2862
20150618,목,30246,26684,3562
20150619,금,32872,27436,5436
20150620,토,32525,28965,3560
20150621,일,29864,24707,5157
20150622,월,26799,25801,998
20150623,화,27055,22327,4728
20150624,수,21813,20803,1010
20150625,목,24117,23209,908
20150626,금,27980,27114,866
20150627,토,33805,27321,6484
20150628,일,25887,24499,1388
20150629,월,27490,22903,4587
20150630,화,21194,19992,1202
20150701,수,28773,25656,3117
20150702,목,29709,26660,3049
20150703,금,32146,30923,1223
20150704,토,29618,28733,885
20150705,일,27682,26513,1169
20150706,월,30201,27242,2959
20150707,화,22454,21433,1021
20150708,수,24432,23207,1225
20150709,목,30248,29341,907
20150710,금,35292,31246,4046
20150711,토,31160,30458,702
20150712,일,20100,19274,826
20150713,월,34827,33495,1332
20150714,화,36155,31751,4404
20150715,수,33530,31818,1712
20150716,목,40989,34079,6910
20150717,금,39376,32450,6926
20150718,토,35353,33572,1781
20150719,일,39858,35492,4366
20150720,월,35023,32799,2224
20150721,화,31286,29699,1587
20150722,수,37453,32911,4542
20150723,목,35869,33744,2125
20150724,금,35711,33746,1965
20150725,토,38733,36608,2125
20150726,일,40966,33478,7488
20150727,월,41328,37536,3792
20150728,화,38965,37006,1959
20150729,수,42651,39770,2881
20150730,목,45409,41275,4134
20150731,금,46168,43794,2374
20150801,토,48285,43961,4324
20150802,일,46619,44331,2288
20150803,월,49065,41992,7073
20150804,화,42623,37575,5048
20150805,수,42094,38632,3462
20150806,목,41822,39122,2700
20150807,금,42640,36418,6222
20150808,토,43151,37430,5721
20150809,일,45445,39122,6323
20150810,월,44722,37518,7204
20150811,화,36171,32544,3627
20150812,수,41402,36479,4923
20150813,목,44536,36921,7615
20150814,금,49892,39943,9949
20150815,토,38774,35323,3451
20150816,일,45236,38981,6255
20150817,월,42560,35541,7019
20150818,화,35579,30293,5286
20150819,수,43001,31772,11229
20150820,목,41600,33502,8098
20150821,금,39929,33096,6833
20150822,토,42658,33769,8889
20150823,일,46207,34335,11872
20150824,월,40032,33633,6399
20150825,화,40584,31986,8598
20150826,수,43784,32646,11138
20150827,목,45697,35283,10414
20150828,금,37620,32557,5063
20150829,토,39941,30012,9929
20150830,일,38775,30847,7928
20150831,월,38774,29722,9052
20150901,화,35880,32015,3865
20150902,수,39962,31584,8378
20150903,목,42932,34769,8163
20150904,금,42666,35424,7242
20150905,토,41485,33948,7537
20150906,일,41492,33766,7726
20150907,월,43204,34593,8611
20150908,화,37517,30866,6651
20150909,수,38420,30668,7752
20150910,목,44930,34519,10411
20150911,금,45750,34529,11221
20150912,토,42989,34657,8332
20150913,일,40623,32409,8214
20150914,월,37375,30024,7351
20150915,화,35683,26187,9496
20150916,수,38222,27621,10601
20150917,목,40817,31250,9567
20150918,금,38600,31109,7491
20150919,토,37720,27998,9722
20150920,일,36163,25482,10681
20150921,월,38382,27663,10719
20150922,화,31321,21046,10275
20150923,수,30360,18142,12218
20150924,목,34165,27448,6717
20150925,금,47644,39219,8425
20150926,토,54784,46098,8686
20150927,일,48549,36152,12397
20150928,월,42568,33102,9466
20150929,화,39646,31486,8160
20150930,수,41711,33158,8553
20151001,목,40711,29709,11002
20151002,금,46460,34833,11627
20151003,토,46365,34552,11813
20151004,일,46632,32186,14446
20151005,월,45520,34037,11483
20151006,화,38255,31996,6259
20151007,수,44368,36345,8023
20151008,목,53718,41014,12704
20151009,금,55887,42678,13209
20151010,토,38062,28794,9268
20151011,일,43781,34341,9440
20151012,월,47278,35726,11552
20151013,화,36298,26778,9520
20151014,수,43113,36145,6968
20151015,목,47318,35743,11575
20151016,금,47452,38036,9416
20151017,토,50733,37139,13594
20151018,일,44889,35133,9756
20151019,월,44444,36152,8292
20151020,화,44272,32600,11672
20151021,수,43564,33986,9578
20151022,목,42621,36023,6598
20151023,금,46773,37945,8828
20151024,토,47978,38010,9968
20151025,일,47161,32149,15012
20151026,월,39710,33072,6638
20151027,화,37973,30547,7426
20151028,수,38799,30759,8040
20151029,목,44150,33653,10497
20151030,금,41443,33969,7474
20151031,토,42679,33509,9170
20151101,일,40561,33063,7498
20151102,월,38305,32284,6021
20151103,화,36226,31530,4696
20151104,수,39213,32475,6738
20151105,목,44427,34705,9722
20151106,금,42086,36101,5985
20151107,토,43722,34653,9069
20151108,일,38790,32890,5900
20151109,월,41358,32909,8449
20151110,화,34968,29042,5926
20151111,수,40809,31562,9247
20151112,목,41111,33678,7433
20151113,금,42439,36718,5721
20151114,토,42514,35800,6714
20151115,일,42969,34460,8509
20151116,월,35611,29847,5764
20151117,화,35350,25379,9971
20151118,수,36917,29576,7341
20151119,목,38000,33068,4932
20151120,금,43250,36140,7110
20151121,토,44358,34870,9488
20151122,일,37442,31368,6074
20151123,월,33465,28773,4692
20151124,화,30041,24060,5981
20151125,수,35460,26069,9391
20151126,목,36335,31506,4829
20151127,금,37114,32160,4954
20151128,토,36470,30815,5655
20151129,일,33766,24350,9416
20151130,월,27840,21980,5860
20151201,화,27113,22465,4648
20151202,수,24735,20611,4124
20151203,목,30157,25612,4545
20151204,금,34167,29115,5052
20151205,토,39864,28413,11451
20151206,일,29691,25472,4219
20151207,월,32939,25316,7623
20151208,화,26694,22771,3923
20151209,수,26110,22053,4057
20151210,목,32529,26289,6240
20151211,금,34020,29355,4665
20151212,토,34345,29507,4838
20151213,일,33730,25946,7784
20151214,월,30508,26320,4188
20151215,화,28748,22917,5831
20151216,수,27894,24035,3859
20151217,목,34734,28407,6327
20151218,금,34294,29629,4665
20151219,토,38584,30875,7709
20151220,일,35822,29528,6294
20151221,월,35271,28955,6316
20151222,화,28277,24051,4226
20151223,수,36966,29137,7829
20151224,목,38523,32996,5527
20151225,금,46318,38918,7400
20151226,토,34463,29031,5432
20151227,일,43625,34446,9179
20151228,월,39649,36162,3487
20151229,화,38535,32838,5697
20151230,수,44500,36761,7739
20151231,목,43365,37060,6305
